16.105038398925004,634.3260181069226,104.12738957918104,709.889200071125,0,0.9895321
15.56053446879617,632.0574690438293,99.75844457317089,709.7983300960937,0,0.991659
15.214094994510681,633.5521041393113,96.90901176834433,714.0179813262173,0,0.99160236
15.383011683153534,634.0982125038328,95.22179808364874,715.8109930136878,0,0.988706
16.77098144280466,634.2423111032437,94.78794171759,716.9494586942823,0,0.9930365
18.222427961712583,633.6774552022403,94.90520797624409,717.7802372952663,0,0.9929919
19.686851247730978,634.0633261680127,94.98554333471057,718.2046099300342,0,0.99308914
20.94641388030027,634.3669205670227,95.17646206794521,718.8950071959222,0,0.99223894
25.160848756500997,635.4424462612346,99.40888102605157,719.0682531602915,0,0.99223214
23.456133990258706,634.7037678439001,97.02428361441902,719.2605577426259,0,0.99085283
26.316285691754608,635.1876306922666,100.08341576874997,719.303056182375,0,0.9926869
23.719093058215115,633.978764590121,97.26060881694605,719.6829155254213,0,0.99303925
22.79048502187483,632.6042919694822,96.40645520925585,720.053897939459,0,0.9905376
25.778823512138054,629.0688932110879,99.98090580316224,716.9074042681714,0,0.9876354
27.252028080897816,626.8436345588394,101.27122754918213,715.8268874416675,0,0.9917699
28.092375709946047,624.8484760578083,101.35780627932465,715.5707840938087,0,0.9920799
28.751611928523992,621.5541548351547,101.0422389338944,715.3384066864704,0,0.99442655
28.807688616410594,618.420584324455,100.72713056238749,714.9689747835824,0,0.9946436
29.3370919371432,612.4119955361751,100.56714915886427,713.7679793136282,0,0.9934952
27.160202146610978,606.9518745708884,97.36479539327465,713.6219552191627,0,0.9915814
26.80180821670811,596.8472469934685,95.37872167649128,706.8962602107132,0,0.98219
26.616967719553003,590.8164776561625,94.3308985685443,703.1711223050495,0,0.99539095
26.23417245638234,586.587475766014,92.94933265006848,700.4322656878023,0,0.99695706
23.94040358213286,583.5504884281227,89.21037673853115,698.7613443839139,0,0.9968473
22.410342289777176,580.9485321385123,86.2797985189699,698.1197365545545,0,0.9962899
21.632105576943395,578.3023882769654,85.00182312303744,697.2524150482069,0,0.99597156
20.20441186813961,568.9895926026544,83.16181164771623,687.0584502031523,0,0.9968301
18.035031411596695,563.7778653357936,81.31919381496611,681.7450645945041,0,0.9980057
18.442127427723317,559.5886513349649,81.81755754773367,677.1991928865541,0,0.99815696
17.561945087822362,550.2306971137782,80.48197504382266,667.2553333978888,0,0.99636376
17.861249694979968,546.22658962784,80.35829627226792,661.953749962609,0,0.9965235
18.180912811906282,541.7214260533892,80.2820286713201,658.83397554003,0,0.99711347
17.048835261390344,538.8187887588982,79.44666552153114,656.6158060459765,0,0.99738455
15.68643870520291,528.1454181966698,77.52798665834462,646.9263163048412,0,0.9921491
13.320156969945504,522.7945125475,75.51894909852938,642.2283052120878,0,0.99458736
10.0312751050996,519.8845691316661,71.31581293445873,638.7279739647253,0,0.99575555
8.727880713969192,518.5398433202738,69.1081300474701,636.2982149195705,0,0.9970756
8.734486392004364,516.8323106022128,68.87061004607415,633.8483279723548,0,0.99655724
8.809188618147065,514.5364340881974,69.55283977903147,631.7859061347333,0,0.99450755
11.778424700027248,514.0831149158469,73.00488058326997,630.9057456758042,0,0.9952717
13.229099421462557,506.96390218517354,73.99341615849855,623.3010980994361,0,0.99694484
13.72438440251057,503.01252538242903,75.31252805543134,619.1368717367625,0,0.99898964
15.242157298536448,500.401110287069,77.72869859025437,616.857424077467,0,0.9994754
16.52721000246045,497.67855988437947,79.6019924956618,614.3698766385405,0,0.999178
17.461183302841732,494.6117671569476,80.442966505197,612.3269179601363,0,0.9984455
18.526107682075953,485.0478121086339,81.07521729742462,603.9928752735807,0,0.99864393
19.182521310653517,480.0360371313631,81.81356538591459,599.9949173924324,0,0.9992937
19.245704967094277,476.90014392682997,81.55099289438127,596.8676745061155,0,0.99904686
18.697014744533398,474.68063995184866,80.4673557820606,595.63783994131,0,0.9989924
18.507835983929088,473.19257947613426,79.53099224108445,594.9523903630703,0,0.9986034
18.28265209353149,471.94873028641723,78.48501342586462,595.1421329679092,0,0.9982479
17.501267809653058,471.0086666928931,77.58809611013127,595.2651681581975,0,0.9979272
16.139334939081422,471.7998625050812,77.11215230955655,595.2655968288831,0,0.9978507
14.788700347825774,471.27212407796696,77.0367312910004,595.3811498162984,0,0.9988035
15.277895622518809,470.7744490312699,77.75909141392101,594.6237737782702,0,0.9986718
15.8851389042472,469.3812465953817,78.1617768566296,593.2873288046806,0,0.99686414
15.59201801772646,458.6564589306536,77.38512533601745,585.9741599891032,0,0.99757534
15.921293047743657,451.62695221467675,76.97997217418084,583.2965705074921,0,0.9982291
17.722305967994792,446.95392430981497,77.51187818984539,580.0008733790555,0,0.9953194
18.403603126469335,435.2148333406384,76.79444443226285,569.5883245832567,0,0.9945025
19.587406320597974,429.998426083284,77.66957070698216,563.6785517028065,0,0.9972
19.901642731315278,426.8088451868408,77.79296570170189,558.9546031715519,0,0.9968512
18.93898627563306,415.0524731320827,75.9248650675442,547.6161709826994,0,0.99619174
15.851061032234398,409.52874886804017,74.55012114046855,541.4797783680418,0,0.996253
14.553868530159683,404.0031036369871,74.1143818946658,537.2225554025187,0,0.99519736
14.231543609427742,393.5666472216452,74.5012484689935,524.8073802197148,0,0.9928275
13.36705805653681,388.14514446172586,74.29698159923143,518.9166418733762,0,0.9934706
14.094920591595685,384.1275696174912,74.4916354365329,513.0394327051955,0,0.9925286
14.930292008104143,371.75031596868035,74.30556547977265,501.18357329009126,0,0.99579805
14.734707355461072,365.14647897968035,73.96856708268918,493.2205632760944,0,0.9923228
15.72039600738816,351.49226972525423,73.59073679366085,481.1918896652295,0,0.993448
15.596515768758827,344.41350921740343,73.15942292925544,473.1369176947412,0,0.9956602
15.599927512159919,331.3016141963763,72.34630093352754,461.2256889546126,0,0.9920911
14.59291225537168,325.44591154938746,72.31199895394275,454.37912156814434,0,0.99515885
15.055877884127359,320.32923301207444,72.2720975626889,449.5372891497728,0,0.9892207
15.046256696564946,307.4204547420529,71.62183131628458,439.5429785365268,0,0.9902049
15.233416124940398,300.9085384419892,71.7004866077462,432.4612539768534,0,0.9894387
15.82202784826491,287.6335123089084,71.65528694435535,419.50713372135453,0,0.98952556
15.829486941059017,281.50042582100093,72.1480936516986,413.4922840558703,0,0.99464667
15.827392923130837,277.7995049274566,72.70656723564562,408.429007765458,0,0.9921268
16.063565844486384,266.1912369810023,71.86313956573454,397.8618564411873,0,0.985861
15.777258205484546,261.5183087529582,72.12601524536785,390.661024637434,0,0.99160343
15.066419227341953,258.76806817440024,72.02044210938622,387.5446386713437,0,0.990471
13.077688387093467,257.54933019766156,69.24129118683933,382.40721706579836,0,0.98690885
14.502163720972792,248.83640280146074,70.61086884892123,372.7581034442119,0,0.99318963
14.75944214380721,244.4791340983837,71.81420889795443,368.51786384160476,0,0.99720937
15.482746998998184,242.88514897319044,73.5591183078204,364.76134556164084,0,0.9970895
18.555445714300355,241.08040534375039,76.8211119287696,360.6707666584558,0,0.99806595
21.103480997699542,239.00203039185857,80.20487640159757,356.47812918849405,0,0.99740267
22.55059878168176,232.84370380729916,82.94080896681392,345.99991917085407,0,0.9980294
24.12868324461244,230.88356445750284,85.51125205574152,340.7657162268276,0,0.9973943
25.28573850236066,229.19811204060505,88.00860688824739,337.5867266296154,0,0.99780726
26.57089858071894,226.5667722738719,90.28738608227769,335.30410600289605,0,0.99777
27.33565316874708,223.01795775684005,92.14612852907425,332.40712626990637,0,0.99309665
30.142934286321804,214.71280484725074,96.4469823199649,323.7709303518006,0,0.99569356
30.405994058024312,209.2330496570139,99.05887907304805,317.8102581532463,0,0.9973212
30.297702030789182,204.0378975122447,101.25495894999871,312.5722761582632,0,0.9954973
30.801857244089383,197.9826904041811,102.62966246036194,303.79721102128735,0,0.9952018
33.54536197061039,192.92828331139754,105.40731049486733,297.8432169592221,0,0.99834067
37.47324588193479,187.6859817739838,109.97048648354391,293.9168884948899,0,0.99888974
40.820561934547015,183.117835879033,113.35806575877012,290.6212856692988,0,0.9961033
43.62907457127369,179.85374298258347,115.31587827047247,287.9200852860574,0,0.99661326
45.702512724963384,172.32874618438768,115.9698876963829,281.60502851198373,0,0.9976664
46.372016861858505,167.48114616262643,115.47341381673576,278.71678049232435,0,0.99856675
46.240402364518815,164.40430974913238,113.48696617243593,277.1200175122868,0,0.99879014
45.640649989089546,163.36729222135241,111.05804400681566,275.97558009814554,0,0.99927455
44.084113402965784,162.2322102213138,108.0442291416121,275.1331563099041,0,0.9986264
41.06313358403611,162.16125119399527,104.33225960732813,274.95157179739266,0,0.99875057
37.62265791449792,160.9466585408416,101.06137640702818,273.4879537702163,0,0.9983878
36.969627515207904,160.21417429838584,100.6103448459309,273.31968355410856,0,0.9991862
36.41669878693733,157.5935035170412,100.18447692594657,271.3615838094116,0,0.99717385
35.158381153375245,151.80365223946907,98.64079221533333,262.44935395534765,0,0.9974114
33.76022510110066,149.68010701732143,97.98046217495171,257.8452274969209,0,0.9982838
33.56555662426649,146.8773516568945,97.86575147831488,255.69669244242598,0,0.99825007
33.49576547406881,141.8550276086608,97.96791803368811,252.98315757100949,0,0.9977661
32.69778024493503,132.61679049889312,97.2691374802585,243.25537491967862,0,0.9973808
31.683588034557225,128.3001582832648,97.29256022763377,238.04908154812978,0,0.9973941
29.17616643328033,121.4940526690791,94.68765868333743,233.31245429687846,0,0.99837554
27.4630732965417,114.99460040753178,93.45512924382868,230.94006465297906,0,0.9988009
25.23005798489337,104.99459931657377,89.72934497497519,224.06572710941145,0,0.99875736
22.879193655694984,99.12704736618602,85.58530074596754,220.1315712934106,0,0.9993123
22.12755552127221,95.254991147678,83.39339713158476,217.4164316095624,0,0.99918693
21.01111606049744,90.93329383859795,80.6030730643493,215.52920418717065,0,0.9982932
19.894005606157425,81.1099726958211,78.67230061309478,206.38982266676123,0,0.998524
20.259687582089587,77.45615936314931,78.6284774700554,201.56534716030478,0,0.9991611
20.981151025003363,76.29463696280641,79.24375340689488,196.89026665824474,0,0.99899226
20.818667032999222,74.7836644688363,79.3057905126924,191.7246423585272,0,0.9985559
20.13112456340076,73.5818869747633,78.61282866909448,188.8748395138353,0,0.99771214
18.3327071798165,66.41280382868112,77.1527282370923,179.44202450353328,0,0.99631107
17.542980512388702,63.27278918064202,76.63299782413077,175.54383367778223,0,0.9964927
17.18217504817326,62.16162318742577,76.45205548628259,173.8958158253739,0,0.9964232
17.1627109114476,61.78046315056605,76.61044209182118,172.48257897316097,0,0.9972457
16.87658498257368,60.21045960122141,76.29165521117098,171.59961483883515,0,0.9969873
17.367223354415426,57.912115022940846,76.73490183855567,170.9323766280773,0,0.9976925
17.62995766773929,55.59597008643661,77.10825030032305,170.2201438415399,0,0.9974192
17.172757168097444,53.76089062351731,76.78631109538752,169.7523628742212,0,0.99690855
16.712448231479158,53.12454869042434,76.4250628622671,170.0463147544272,0,0.9970984
16.98237376344731,52.20165763693688,76.29177834958139,169.7270526466031,0,0.9958286
17.61586473176481,51.92394982686762,77.19118145003014,169.83384841091402,0,0.9979528
18.941232956970115,51.83157561526268,78.40814331230915,169.95207471587577,0,0.99771446
20.00065284578156,52.21556051199815,79.28831220142169,170.18636688349918,0,0.9969356
20.179225548244183,52.19829422604476,79.15666200433671,170.4699231337483,0,0.9963833
20.26298823346795,52.62787221103602,79.3773776165608,170.55491933046295,0,0.9969849
20.110613506045688,52.7413791441402,79.26066261969862,170.4994020903656,0,0.99705976
20.388200442198364,52.79456183097914,79.41702022443003,170.14453453670438,0,0.997294
20.518290294621945,52.8298131569688,79.3760312486378,170.07992447694795,0,0.99686617
20.18967298243857,53.43039707701381,78.77351683911668,170.5057555468956,0,0.99669087
19.654915322046495,54.96281157495995,78.47382861102243,170.8963971325184,0,0.9978828
19.149728783533206,57.056010636861004,78.58378952589203,171.43009294890348,0,0.99827176
18.904675173246588,60.54900964313438,78.9746340317877,171.74697095830908,0,0.99830246
18.63100827085629,63.89020855477132,79.21537753234321,171.27742450418583,0,0.99787015
18.009383132715765,66.55136895004942,79.24142007086998,170.64072956509534,0,0.998436
18.23129170249285,67.37359739205165,80.13159141317925,169.41014975199892,0,0.9986384
18.28239574818937,68.24186997185839,80.95938580196024,168.27459078612313,0,0.9988316
19.149814318675585,69.35358635094549,82.70628813702443,167.05285151260375,0,0.9984573
20.153709663385442,70.22443685785527,84.51197523422951,166.04788562521688,0,0.9983526
21.017574502489644,69.68234148369322,86.12995629359264,164.58127610949026,0,0.9983182
21.64485484251191,69.53440383488382,87.43547370820261,163.38436415847698,0,0.99824595
22.35914884497265,68.55862898661505,88.43181477191999,162.03378649053784,0,0.998122
23.147915506224365,68.15303738644033,89.35769598372686,160.98982561622577,0,0.9977268
23.985776465627012,68.1849379579287,90.02063351946013,160.06881525681658,0,0.997295
24.284177894258335,67.61876795315266,90.34954770854345,159.43701847621676,0,0.99751467
24.71373104939041,66.43074679461446,91.05191401644558,158.3175629943152,0,0.9972466
25.155317812393683,65.46889420061592,91.74898725606931,156.61536317943995,0,0.99587727
24.93781321784592,64.97710560467266,92.04449938927357,154.832913667597,0,0.9933859
24.88920907462196,65.18223022572369,92.34747684719127,154.24492900635627,0,0.99228245
24.276482080857697,64.4249597862655,92.71931483336468,153.2140284207056,0,0.9911655
23.007021686355813,64.45228423036613,92.6851939035918,151.86138388835082,0,0.98380786
22.25261630890519,65.17510409617714,92.50983939181059,151.22405416140353,0,0.98544616
20.8620274844845,68.83999173997574,94.93196163482106,147.59149746388627,0,0.9796625
19.926136600982808,71.93708277742857,96.99544347763594,145.1949058592865,0,0.986501
19.08255798622632,73.92536375028334,98.7051126263626,143.1152190925995,0,0.98965335
18.776021564000246,75.29897924314025,100.05908489012073,141.78034709997735,0,0.9900462
17.790748037664166,76.8078505415345,101.62805853410268,139.70001582254122,0,0.9896667
16.73815568678559,77.84118701466585,103.02103261939524,137.96186319254232,0,0.98622507
21.692654697849193,74.49727617727875,109.20382606196144,134.02395244247865,0,0.9884219
22.9435895726318,73.16149479202288,111.24428346984948,132.67148986810616,0,0.99053234
23.873967868133917,72.97044538184795,112.77677393903767,131.87356775518802,0,0.9930471
17.728912038771668,77.19003768634278,108.3132700259425,134.29004230917798,0,0.98930407
19.726386893634086,78.6143126330822,112.68642167222397,134.99368542463117,0,0.9915325
20.273645219061116,79.62023317742113,114.50693470746725,135.63783694776703,0,0.9940061
19.768713996700214,80.48034257242833,115.65820712743515,135.45791934060932,0,0.9954024
20.0880288527013,80.70785791211668,118.44158148002198,134.7815140912265,0,0.9963783
20.393427094546936,80.96158442590443,120.28856308202187,134.46555194456704,0,0.99698186
19.46792487264546,81.22677972196044,120.7715963776148,134.29964245190226,0,0.9968854
19.63986692464831,81.3711559085384,121.98657481158074,134.08360960102715,0,0.9964064
20.083415167473504,81.4438645016164,122.95960832707013,134.08890206440736,0,0.99639165
19.821013780319582,81.32883164742651,123.87203785714453,133.9592987647156,0,0.9971405
19.012890993438262,81.2183559259021,123.58574757715898,133.89755675746343,0,0.995962
18.519375273316513,81.16578547178314,123.7166669061431,133.88472659077772,0,0.99573934
18.395618105428575,81.32428420724116,123.73608103528596,133.95941476475622,0,0.9959651
18.141255800059973,81.51192277045806,124.18075921355995,133.89951259351147,0,0.99458337
18.436082440515577,81.49800338232056,124.96342015427135,133.79970908900344,0,0.99619895
17.928966253158507,81.5789024900537,125.61707453874985,133.65845528674149,0,0.99693084
17.589246761651594,81.60189688363377,126.45141669754366,133.57163625337324,0,0.99615854
16.301675315957546,81.28404512262297,126.58669485210552,133.57696857839414,0,0.9974561
17.05181957554251,81.70745498618618,128.1753366168896,133.79755498280971,0,0.99723214
17.441638621892587,81.38480655128674,129.40852756298437,133.93796828954183,0,0.99562573
20.3856622633026,78.8746990270389,129.6133520211764,131.17233734575044,0,0.99562293
18.693185575501737,80.78379696620394,128.9999133592214,132.9199183634777,0,0.99618167
17.891799899757395,81.509414236949,129.60395004717054,133.44167617941605,0,0.9947183
16.76725224338925,81.70185386367389,129.77424994592963,133.49263112223858,0,0.9951991
16.610307594546498,81.90250232415991,130.54755154938636,133.70727353709583,0,0.9932096
16.986963624648816,81.96520691264843,130.59552606178633,134.11220421314482,0,0.99716693
16.194297256811375,81.29427989162201,128.29649626892456,134.31642680528591,0,0.99594426
15.588204677737657,80.40083689981411,125.53638773196988,134.9305459096471,0,0.9928663
17.60026070532266,76.55608497997227,123.34357682370373,132.4754911157182,0,0.9919331
18.479334917417304,74.73744519665718,121.18505840152528,131.87120364894196,0,0.99100757
19.42446266893117,73.61008088907367,120.10699401802637,131.90601222299745,0,0.99211025
18.87514442387461,76.3471244976803,119.7106744267673,135.04395825242668,0,0.98919183
18.699890042479886,77.33502950330711,118.84921864418467,136.55549525310448,0,0.9886661
14.44460706278818,78.12648199131206,112.10765896361788,136.95708508918833,0,0.982779
18.405960090170595,75.67425648659696,111.49126686156461,139.00145407287573,0,0.9649918
20.548597158193637,69.65601599871223,109.93893553606623,137.729532378569,0,0.9848037
21.937422339738255,66.38309789513619,107.61430652633888,138.36590986191192,0,0.9855987
23.33942381920953,63.16860313220913,105.70800554447705,139.09998809101216,0,0.9873389
20.244211285303095,65.53432046361178,99.82954279775478,144.9008122254655,0,0.98898226
20.918180082637633,62.064313942272484,97.4083577885731,144.1057608821892,0,0.99156743
21.675996602784544,59.54023307914262,95.6210016388639,144.42878063419815,0,0.99256706
21.990928959792356,57.02512016945801,94.13362764589681,144.62397192539333,0,0.9941155
